0 0 0 0 0 0 0 0 0 0 0 0 0 0 0 0 0 0 0 0 0 0 0 0 0 0 0 0 0 0 0 0 
0.0367 0.0367 0.0367 0.0367 0.0367 0.0367 0.0367 0.0367 0.0367 0.0367 0.0367 0.0367 0.0367 0.0367 0.0367 0.0367 0.0367 0.0367 0.0367 0.0367 0.0367 0.0367 0.0367 0.0367 0.0367 0.0367 0.0367 0.0367 0.321012 0.0367 0.328199 0.0367 
0.0577 0.0577 0.0577 0.0577 0.0577 0.0577 0.0577 0.0577 0.0577 0.0577 0.0577 0.0577 0.0577 0.0577 0.0577 0.0577 0.0577 0.0577 0.0577 0.0577 0.0577 0.0577 0.0577 0.0577 0.0577 0.0577 0.0577 0.0577 0.0577 0.0577 0.0577 0.0577 
0.1177 0.1177 0.1177 0.1177 0.1177 0.1177 0.1177 0.1177 0.1177 0.1177 0.1177 0.1177 0.1177 0.1177 0.1177 0.1177 0.1177 0.1177 0.1177 0.1177 0.1177 0.1177 0.1177 0.1177 0.1177 0.1177 0.1177 0.1177 0.1177 0.1177 0.1177 0.1177 
0.1436 0.1436 0.1436 0.1436 0.1436 0.1436 0.1436 0.1436 0.1436 0.1436 0.1436 0.1436 0.1436 0.1436 0.1436 0.1436 0.1436 0.1436 0.1436 0.1436 0.1436 0.1436 0.1436 0.1436 0.1436 0.1436 0.1436 0.1436 0.1436 0.1436 0.1436 0.1436 
0.191 0.191 0.191 0.191 0.191 0.191 0.191 0.191 0.191 0.191 0.191 0.191 0.191 0.191 0.191 0.191 0.191 0.191 0.191 0.191 0.191 0.191 0.191 0.191 0.191 0.191 0.191 0.191 0.191 0.191 0.191 0.191 
0.2386 0.2386 0.2386 0.2386 0.2386 0.2386 0.2386 0.2386 0.2386 0.2386 0.2386 0.2386 0.2386 0.2386 0.2386 0.2386 0.2386 0.2386 0.2386 0.2386 0.2386 0.2386 0.2386 0.2386 0.2386 0.2386 0.2386 0.2386 0.2386 0.2386 0.2386 0.2386 
0.294 0.294 0.294 0.294 0.294 0.294 0.294 0.294 0.294 0.294 0.294 0.294 0.294 0.294 0.294 0.294 0.294 0.294 0.294 0.294 0.294 0.294 0.294 0.294 0.294 0.294 0.294 0.294 0.294 0.294 0.294 0.294 
0.3512 0.3512 0.3512 0.3512 0.3512 0.3512 0.3512 0.3512 0.3512 0.3512 0.3512 0.3512 0.3512 0.3512 0.3512 0.3512 0.3512 0.3512 0.3512 0.3512 0.3512 0.3512 0.3512 0.3512 0.3512 0.3512 0.3512 0.3512 0.3512 0.3512 0.3512 0.3512 
0.3903 0.3903 0.3903 0.3903 0.3903 0.3903 0.3903 0.3903 0.3903 0.3903 0.3903 0.3903 0.3903 0.3903 0.3903 0.3903 0.3903 0.3903 0.3903 0.3903 0.3903 0.3903 0.3903 0.3903 0.3903 0.3903 0.3903 0.3903 0.3903 0.3903 0.3903 0.3903 
0.4284 0.4284 0.4284 0.4284 0.4284 0.4284 0.4284 0.4284 0.4284 0.4284 0.4284 0.4284 0.4284 0.4284 0.4284 0.4284 0.4284 0.4284 0.4284 0.4284 0.4284 0.4284 0.4284 0.4284 0.4284 0.4284 0.4284 0.4284 0.4284 0.4284 0.4284 0.4284 
0.4885 0.4885 0.4885 0.4885 0.4885 0.4885 0.4885 0.4885 0.4885 0.4885 0.4885 0.4885 0.4885 0.4885 0.4885 0.4885 0.4885 0.4885 0.4885 0.4885 0.4885 0.4885 0.4885 0.4885 0.4885 0.4885 0.4885 0.4885 0.4885 0.4885 0.4885 0.4885 
0.5412 0.5412 0.5412 0.5412 0.5412 0.5412 0.5412 0.5412 0.5412 0.5412 0.5412 0.5412 0.5412 0.5412 0.5412 0.5412 0.5412 0.5412 0.5412 0.5412 0.5412 0.5412 0.5412 0.5412 0.5412 0.5412 0.5412 0.5412 0.5412 0.5412 0.5412 0.5412 
0.549197 0.556239 0.587312 0.594867 0.594742 0.594888 0.594926 0.594925 0.594608 0.587679 0.574636 0.556296 0.554295 0.556728 0.564904 0.565078 0.564606 0.564973 0.570417 0.560962 0.565666 0.561579 0.566069 0.56652 0.570378 0.565214 0.564669 0.561882 0.557595 0.552744 0.549723 0.547441 
0.607401 0.610351 0.614935 0.639626 0.645246 0.645096 0.645088 0.645119 0.643491 0.618082 0.615417 0.61129 0.612171 0.61611 0.62048 0.626903 0.62625 0.628593 0.629834 0.628737 0.627323 0.629935 0.628859 0.631325 0.631269 0.632653 0.625409 0.619191 0.614456 0.611585 0.608555 0.607687 
0.596372 0.593725 0.587904 0.593943 0.62771 0.639107 0.638923 0.627236 0.597675 0.5903 0.59154 0.595553 0.596711 0.596902 0.596012 0.609236 0.609065 0.609291 0.61413 0.614766 0.614327 0.617136 0.620047 0.620152 0.623144 0.611304 0.603145 0.599493 0.599273 0.598197 0.598396 0.597621 
0.658281 0.654754 0.646094 0.641965 0.652733 0.659248 0.659926 0.654317 0.645459 0.648548 0.651441 0.656777 0.659205 0.65712 0.654833 0.662008 0.66743 0.665917 0.672612 0.674543 0.673351 0.673496 0.675158 0.678977 0.67043 0.662664 0.658034 0.656768 0.657491 0.659895 0.660122 0.661866 
0.660236 0.657315 0.646899 0.635414 0.630908 0.630236 0.632146 0.632498 0.639559 0.648187 0.652143 0.659297 0.659055 0.655465 0.654984 0.656777 0.662321 0.66318 0.670649 0.672064 0.671423 0.677423 0.670427 0.665475 0.656092 0.662413 0.654553 0.659164 0.661487 0.661692 0.664602 0.66429 
0.713521 0.712498 0.70503 0.692934 0.682715 0.679473 0.681588 0.68514 0.696606 0.70576 0.708928 0.712635 0.712202 0.707765 0.711664 0.711763 0.7156 0.717658 0.715428 0.710415 0.703741 0.712775 0.712639 0.705721 0.705018 0.710627 0.715445 0.716625 0.716442 0.718191 0.716124 0.716545 
0.709082 0.708479 0.702102 0.695402 0.68425 0.682421 0.68408 0.690323 0.700582 0.70887 0.709604 0.712807 0.708709 0.705401 0.705997 0.704023 0.707546 0.715789 0.710677 0.691712 0.69513 0.701857 0.704521 0.705717 0.702467 0.718848 0.714451 0.716221 0.719338 0.712925 0.711025 0.708751 
0.72468 0.722416 0.718236 0.712995 0.710521 0.705757 0.711443 0.711428 0.71919 0.720553 0.72427 0.723058 0.72179 0.719413 0.72248 0.718723 0.725617 0.734537 0.694838 0.698649 0.698974 0.700013 0.700171 0.702396 0.703813 0.700416 0.720689 0.71658 0.74519 0.73025 0.72918 0.724154 
0.734585 0.731652 0.732138 0.731465 0.729164 0.73021 0.731839 0.735265 0.733953 0.736311 0.735696 0.733275 0.72938 0.727952 0.727156 0.722 0.72658 0.717359 0.709356 0.717694 0.721378 0.716246 0.715787 0.718309 0.717292 0.712558 0.719672 0.723558 0.723799 0.735409 0.732612 0.733379 
0.731916 0.732544 0.731827 0.732534 0.731817 0.731137 0.731805 0.734105 0.734858 0.73665 0.734095 0.731806 0.727382 0.727099 0.725016 0.722092 0.720812 0.719283 0.731421 0.743263 0.746335 0.740564 0.738329 0.748519 0.743215 0.738208 0.732126 0.736392 0.727154 0.730654 0.733046 0.730458 
0.756983 0.756612 0.755905 0.760683 0.757855 0.756422 0.755883 0.758383 0.762281 0.763414 0.760142 0.758269 0.75841 0.757406 0.75529 0.752258 0.749554 0.753989 0.769264 0.77921 0.773977 0.769457 0.770035 0.768861 0.775802 0.767979 0.767052 0.76398 0.755666 0.754298 0.754941 0.760021 
0.780702 0.782295 0.782627 0.784687 0.78065 0.779826 0.77879 0.780591 0.784744 0.787243 0.782934 0.778806 0.781234 0.782033 0.779902 0.777149 0.773714 0.777939 0.789876 0.792716 0.79515 0.796547 0.797948 0.800652 0.807238 0.804015 0.796645 0.793155 0.784249 0.779173 0.784396 0.782271 
0.813217 0.817088 0.812841 0.807538 0.801098 0.802022 0.797863 0.799423 0.799446 0.79889 0.809046 0.805667 0.804218 0.805738 0.802095 0.799719 0.796437 0.800597 0.80392 0.809153 0.795283 0.794941 0.798088 0.797651 0.820754 0.819181 0.81809 0.813901 0.814591 0.810769 0.812438 0.8149 
0.846714 0.845861 0.819169 0.816208 0.816002 0.815304 0.81462 0.814591 0.817658 0.816598 0.819622 0.831936 0.828496 0.82956 0.832002 0.830531 0.832819 0.831798 0.839062 0.811907 0.811895 0.812482 0.814526 0.814168 0.817969 0.852965 0.848287 0.847375 0.844509 0.84516 0.848256 0.845974 
0.850413 0.845572 0.847161 0.849316 0.851911 0.850618 0.852176 0.850996 0.854897 0.851917 0.849026 0.845486 0.84855 0.850161 0.853483 0.852322 0.850582 0.849182 0.843369 0.841327 0.849583 0.853882 0.859048 0.853295 0.846756 0.848755 0.85179 0.848767 0.846595 0.849032 0.85017 0.851115 
0.856553 0.853799 0.859928 0.85987 0.864084 0.862363 0.865243 0.864341 0.865276 0.862427 0.857661 0.852051 0.854384 0.856289 0.856725 0.856508 0.853577 0.852127 0.848215 0.854927 0.860787 0.866593 0.869574 0.866262 0.858473 0.852112 0.852889 0.853964 0.853838 0.853754 0.857741 0.854983 
0.914317 0.911818 0.918873 0.922653 0.926317 0.92521 0.926928 0.925922 0.924919 0.921523 0.916264 0.91369 0.916475 0.918988 0.917972 0.917709 0.914952 0.910662 0.907494 0.915009 0.921934 0.926643 0.928203 0.926194 0.917037 0.908422 0.908145 0.907915 0.907632 0.911367 0.912082 0.914003 
0.961053 0.96196 0.967928 0.967741 0.971173 0.971304 0.972533 0.970979 0.969407 0.965849 0.959752 0.958269 0.958845 0.961649 0.960555 0.960036 0.957547 0.952799 0.951889 0.958799 0.965015 0.967502 0.969783 0.966697 0.959748 0.951182 0.949647 0.952806 0.953577 0.955754 0.959593 0.958944 
1.05661 1.05631 1.0588 1.06103 1.06263 1.06311 1.06311 1.06146 1.05898 1.05858 1.05414 1.05446 1.05534 1.05766 1.05688 1.05561 1.0536 1.04741 1.04594 1.04983 1.05435 1.05498 1.05651 1.05524 1.05018 1.04458 1.0458 1.04654 1.04715 1.05081 1.05236 1.05594 
1.11016 1.1116 1.11249 1.11053 1.11379 1.11371 1.11304 1.11058 1.10794 1.10686 1.10685 1.10579 1.1074 1.10787 1.10639 1.10594 1.10454 1.10172 1.09988 1.10161 1.1021 1.10166 1.10026 1.10048 1.0996 1.09817 1.09999 1.10354 1.10591 1.10608 1.10901 1.10763 
1.21381 1.21412 1.21356 1.21644 1.21792 1.21798 1.21601 1.21397 1.21014 1.20833 1.21059 1.21192 1.21472 1.21447 1.21478 1.21479 1.21464 1.21171 1.20849 1.20684 1.20413 1.20124 1.19871 1.19944 1.20097 1.20319 1.2076 1.20884 1.21259 1.21341 1.21266 1.21377 
1.28385 1.28514 1.28452 1.28455 1.28532 1.28826 1.28586 1.28439 1.2803 1.277 1.27973 1.28086 1.28364 1.28349 1.284 1.28568 1.28453 1.28605 1.28184 1.27935 1.27334 1.26981 1.2667 1.2669 1.2697 1.27434 1.27817 1.28356 1.28591 1.28478 1.28483 1.28231 
1.43376 1.4335 1.43273 1.43579 1.43507 1.44014 1.43865 1.43732 1.43326 1.43156 1.43408 1.43657 1.4394 1.43934 1.44045 1.4406 1.44029 1.44187 1.43873 1.43426 1.42881 1.42388 1.42147 1.42115 1.42343 1.42785 1.43374 1.43612 1.43609 1.43595 1.43312 1.43466 
1.55021 1.55107 1.55024 1.54854 1.54988 1.5507 1.55124 1.55016 1.54762 1.54724 1.55063 1.55213 1.55408 1.55364 1.55327 1.55302 1.5529 1.5528 1.55236 1.54792 1.54285 1.53755 1.53417 1.53502 1.53826 1.54267 1.54715 1.55108 1.55181 1.55091 1.55062 1.5491 
1.76251 1.76283 1.76175 1.76282 1.7612 1.75895 1.75779 1.75762 1.7561 1.75899 1.76362 1.76685 1.76838 1.76741 1.76638 1.76443 1.76334 1.75985 1.75921 1.75509 1.75127 1.74468 1.74115 1.74336 1.74725 1.75109 1.75634 1.75762 1.75951 1.76238 1.761 1.76346 
1.936 1.93745 1.93611 1.93296 1.9317 1.92639 1.92463 1.92442 1.92519 1.929 1.93513 1.93727 1.93808 1.9366 1.93386 1.93175 1.92913 1.9265 1.92606 1.92334 1.9192 1.91295 1.90869 1.91148 1.91615 1.92001 1.92325 1.92694 1.93003 1.93276 1.93484 1.93437 
2.18183 2.18265 2.18043 2.18102 2.17962 2.1773 2.17553 2.17535 2.17593 2.17938 2.18419 2.1865 2.18611 2.18492 2.1835 2.1801 2.17852 2.17695 2.17711 2.17576 2.17359 2.16824 2.16538 2.16734 2.17103 2.17294 2.17545 2.17557 2.17867 2.18151 2.18118 2.18235 
2.38936 2.38905 2.38669 2.38387 2.38356 2.37997 2.37981 2.38117 2.38417 2.38764 2.39302 2.39507 2.39565 2.39345 2.39106 2.38988 2.38765 2.38661 2.38682 2.3864 2.38426 2.38034 2.37708 2.37772 2.3791 2.3806 2.38256 2.38388 2.38394 2.38501 2.388 2.38795 
2.71245 2.7121 2.70957 2.71053 2.71043 2.71097 2.71085 2.71215 2.71428 2.71753 2.72079 2.72219 2.72126 2.72071 2.71956 2.71684 2.71618 2.71667 2.71835 2.71948 2.71967 2.71719 2.71546 2.71519 2.71578 2.71491 2.71427 2.71256 2.7132 2.71338 2.71232 2.71295 
2.98039 2.97816 2.97532 2.97346 2.97559 2.97569 2.97847 2.9814 2.98482 2.98641 2.98886 2.98927 2.98957 2.98841 2.98755 2.98829 2.9881 2.98902 2.9911 2.9931 2.99411 2.99426 2.99322 2.99206 2.98988 2.98855 2.98713 2.98606 2.98301 2.98104 2.9816 2.9803 
3.36944 3.36709 3.3634 3.36503 3.36736 3.37142 3.37422 3.37664 3.37789 3.37796 3.37739 3.37671 3.37553 3.37668 3.37799 3.37791 3.38005 3.38262 3.38593 3.38929 3.39278 3.39492 3.39587 3.395 3.39296 3.38952 3.38586 3.38237 3.3809 3.37776 3.37384 3.37181 
3.69531 3.69155 3.68815 3.68693 3.68937 3.69146 3.69547 3.6985 3.70023 3.69917 3.69831 3.6973 3.69767 3.69777 3.69914 3.70215 3.70404 3.7061 3.70864 3.71143 3.71455 3.71787 3.71882 3.7182 3.71535 3.71294 3.71078 3.70884 3.70507 3.70184 3.69999 3.69728 
4.21167 4.20895 4.20507 4.20617 4.20774 4.21156 4.21399 4.2157 4.21556 4.21406 4.21167 4.21018 4.20932 4.21128 4.21384 4.21526 4.21864 4.2216 4.22442 4.22749 4.23108 4.23418 4.2359 4.23583 4.2345 4.23169 4.22857 4.22603 4.22496 4.22175 4.2175 4.2146 
4.75526 4.75364 4.75325 4.75221 4.75167 4.75234 4.75308 4.75452 4.75465 4.75441 4.75284 4.75212 4.75202 4.75244 4.75305 4.75519 4.75618 4.75712 4.7576 4.75794 4.75863 4.75959 4.75993 4.75999 4.75934 4.75931 4.75903 4.75935 4.75804 4.75776 4.75641 4.75589 
5.95367 5.95228 5.95203 5.95097 5.95037 5.95099 5.9514 5.95253 5.95259 5.95222 5.95107 5.95067 5.9505 5.95079 5.95141 5.95302 5.9539 5.95466 5.95507 5.95554 5.95603 5.95659 5.95677 5.95683 5.95624 5.95636 5.95643 5.95679 5.95578 5.95558 5.95451 5.9541 
6.59015 6.59377 6.59824 6.59715 6.59345 6.59196 6.58952 6.58864 6.58855 6.58954 6.58814 6.5876 6.58665 6.58612 6.58449 6.58396 6.58237 6.58087 6.57869 6.5762 6.57438 6.5733 6.57282 6.57327 6.57437 6.57595 6.57712 6.57961 6.58081 6.58409 6.58488 6.58783 
6.68718 6.68796 6.69073 6.69154 6.69176 6.69031 6.6863 6.68618 6.68461 6.6854 6.68344 6.68529 6.68184 6.68135 6.68161 6.67846 6.67695 6.67525 6.67365 6.67411 6.67321 6.67259 6.67225 6.67275 6.67313 6.67388 6.67442 6.67538 6.67601 6.67733 6.68124 6.68163 
6.75763 6.75768 6.76205 6.7611 6.76087 6.76238 6.75795 6.75846 6.75563 6.75242 6.75427 6.75694 6.7546 6.75295 6.74991 6.74953 6.74864 6.7499 6.74862 6.74903 6.74863 6.74822 6.74721 6.74812 6.74927 6.74967 6.75067 6.75198 6.75233 6.7489 6.75059 6.75551 
6.8058 6.80441 6.80403 6.80571 6.80539 6.80615 6.80622 6.80769 6.80858 6.80922 6.80876 6.80996 6.81057 6.81106 6.81098 6.81109 6.81089 6.81021 6.81028 6.81095 6.81147 6.81158 6.81232 6.81002 6.81011 6.81013 6.81044 6.80763 6.80962 6.80924 6.8083 6.80875 
6.81659 6.81839 6.82408 6.82698 6.82188 6.82192 6.82129 6.82253 6.82373 6.82796 6.82672 6.82867 6.82971 6.83108 6.83079 6.83099 6.83116 6.83022 6.83077 6.83316 6.8323 6.83236 6.83474 6.83085 6.83023 6.82994 6.82954 6.82816 6.82802 6.8282 6.82347 6.82252 
6.13113 6.12625 6.12649 6.12682 6.12667 6.12657 6.12676 6.12666 6.12688 6.12687 6.12687 6.12675 6.12671 6.12676 6.1267 6.12667 6.12646 6.12641 6.12637 6.12637 6.12632 6.12631 6.12631 6.12627 6.12627 6.12626 6.12626 6.12628 6.12627 6.12626 6.12627 6.12602 
5.74181 5.74027 5.73387 5.73376 5.73363 5.73361 5.73369 5.73367 5.73377 5.73378 5.73377 5.73374 5.73371 5.73372 5.73366 5.73364 5.73355 5.73351 5.73347 5.73347 5.73345 5.73341 5.7334 5.73341 5.7334 5.73341 5.73341 5.73344 5.73344 5.7335 5.7336 5.73398 
5.7183 5.7183 5.7183 5.7183 5.7183 5.7183 5.7183 5.7183 5.7183 5.7183 5.7183 5.7183 5.7183 5.7183 5.7183 5.7183 5.7183 5.7183 5.7183 5.7183 5.7183 5.7183 5.7183 5.7183 5.7183 5.7183 5.7183 5.7183 5.7183 5.7183 5.7183 5.7183 
6.1402 6.1402 6.1402 6.1402 6.1402 6.1402 6.1402 6.1402 6.1402 6.1402 6.1402 6.1402 6.1402 6.1402 6.1402 6.1402 6.1402 6.1402 6.1402 6.1402 6.1402 6.1402 6.1402 6.1402 6.1402 6.1402 6.1402 6.1402 6.1402 6.1402 6.1402 6.1402 
6.663 6.663 6.663 6.663 6.663 6.663 6.663 6.663 6.663 6.663 6.663 6.663 6.663 6.663 6.663 6.663 6.663 6.663 6.663 6.663 6.663 6.663 6.663 6.663 6.663 6.663 6.663 6.663 6.663 6.663 6.663 6.663 
7.27243 7.27243 7.27243 7.27243 7.27243 7.27243 7.27243 7.27243 7.27243 7.27243 7.27243 7.27243 7.27243 7.27243 7.27243 7.27243 7.27243 7.27243 7.27243 7.27243 7.27243 7.27243 7.27243 7.27243 7.27243 7.27243 7.27243 7.27243 7.27243 7.27243 7.27243 7.27243 
7.9957 7.9957 7.9957 7.9957 7.9957 7.9957 7.9957 7.9957 7.9957 7.9957 7.9957 7.9957 7.9957 7.9957 7.9957 7.9957 7.9957 7.9957 7.9957 7.9957 7.9957 7.9957 7.9957 7.9957 7.9957 7.9957 7.9957 7.9957 7.9957 7.9957 7.9957 7.9957 
8.71917 8.71917 8.71917 8.71917 8.71917 8.71917 8.71917 8.71917 8.71917 8.71917 8.71917 8.71917 8.71917 8.71917 8.71917 8.71917 8.71917 8.71917 8.71917 8.71917 8.71917 8.71917 8.71917 8.71917 8.71917 8.71917 8.71917 8.71917 8.71917 8.71917 8.71917 8.71917 
9.6015 9.6015 9.6015 9.6015 9.6015 9.6015 9.6015 9.6015 9.6015 9.6015 9.6015 9.6015 9.6015 9.6015 9.6015 9.6015 9.6015 9.6015 9.6015 9.6015 9.6015 9.6015 9.6015 9.6015 9.6015 9.6015 9.6015 9.6015 9.6015 9.6015 9.6015 9.6015 
10.4586 10.4584 10.4577 10.4567 10.4569 10.4577 10.4587 10.4588 10.4586 10.4579 10.4578 10.4579 10.4581 10.4577 10.457 10.4576 10.458 10.4582 10.4589 10.4582 10.4582 10.4582 10.4581 10.4587 10.4593 10.4583 10.4581 10.4591 10.4586 10.4581 10.4583 10.4582 
11.2661 11.2656 11.2655 11.2655 11.2653 11.2656 11.2658 11.2658 11.2658 11.2657 11.2656 11.2656 11.2655 11.2655 11.2653 11.2654 11.2656 11.2655 11.2657 11.2656 11.2654 11.2654 11.2653 11.2656 11.2656 11.2655 11.2655 11.2656 11.2656 11.2655 11.2655 11.2657 
11.8798 11.8786 11.8736 11.8687 11.8685 11.8697 11.8711 11.8722 11.871 11.869 11.869 11.8705 11.8727 11.8737 11.8746 11.8754 11.8776 11.8793 11.8796 11.881 11.8816 11.8817 11.882 11.8819 11.8812 11.882 11.8824 11.8824 11.8818 11.8812 11.8803 11.8795 
12.4595 12.4598 12.4599 12.4615 12.4645 12.4651 12.4621 12.46 12.4619 12.4636 12.4639 12.4622 12.4605 12.4607 12.461 12.4598 12.46 12.4601 12.4596 12.4598 12.4599 12.4601 12.4605 12.4599 12.4595 12.4597 12.4605 12.4604 12.4599 12.4607 12.4606 12.4607 
12.9189 12.9166 12.9139 12.911 12.9119 12.9122 12.9127 12.9122 12.9118 12.9107 12.9122 12.9124 12.9138 12.9147 12.9157 12.916 12.9179 12.9193 12.9195 12.9206 12.9209 12.9209 12.9211 12.9208 12.9203 12.9206 12.9212 12.9212 12.9198 12.9204 12.9197 12.9187 
13.5152 13.5134 13.5135 13.5136 13.5129 13.5129 13.5126 13.5138 13.5146 13.5144 13.5146 13.5146 13.5144 13.5151 13.5153 13.5159 13.5168 13.5176 13.5179 13.5184 13.5186 13.5187 13.519 13.5188 13.5188 13.519 13.5193 13.5184 13.5188 13.5183 13.5179 13.5174 
13.8776 13.877 13.8763 13.8788 13.8822 13.8827 13.8822 13.8825 13.8837 13.8838 13.883 13.8814 13.8806 13.8809 13.8809 13.8811 13.8799 13.8796 13.8789 13.8788 13.8789 13.8791 13.8794 13.8794 13.8793 13.8794 13.879 13.879 13.8796 13.8792 13.8796 13.8787 
14.3448 14.3468 14.3489 14.3509 14.35 14.3503 14.3496 14.3495 14.3499 14.3517 14.3511 14.3505 14.3492 14.3493 14.3491 14.3496 14.3483 14.3466 14.3462 14.3455 14.3456 14.3455 14.3458 14.3456 14.3461 14.3464 14.3457 14.3451 14.3463 14.3459 14.3463 14.3468 
14.5552 14.5525 14.547 14.5477 14.5487 14.5484 14.5505 14.5499 14.5503 14.5511 14.5512 14.5497 14.5493 14.5499 14.5511 14.5517 14.5541 14.5544 14.5546 14.5556 14.555 14.5548 14.556 14.5566 14.5558 14.5552 14.5552 14.555 14.5546 14.5547 14.5538 14.5532 
14.7354 14.7341 14.7365 14.7378 14.7365 14.7374 14.7383 14.7383 14.7389 14.7394 14.7389 14.7384 14.7369 14.7367 14.7361 14.7361 14.7356 14.735 14.7354 14.7357 14.7352 14.7355 14.7361 14.736 14.736 14.7359 14.7356 14.7354 14.7361 14.7359 14.7358 14.7356 
14.6716 14.6606 14.6575 14.6547 14.658 14.6691 14.6816 14.6813 14.6839 14.68 14.6807 14.675 14.6786 14.6799 14.6842 14.6892 14.6864 14.6878 14.6857 14.6907 14.6931 14.6966 14.6974 14.697 14.6953 14.6949 14.6961 14.696 14.6965 14.6979 14.6995 14.6947 
14.3017 14.3317 14.3572 14.3689 14.3611 14.3425 14.3255 14.3236 14.3201 14.3259 14.3267 14.3305 14.3234 14.3173 14.307 14.2959 14.2893 14.2806 14.278 14.272 14.2684 14.2643 14.2628 14.2627 14.2644 14.2645 14.2629 14.2637 14.2638 14.264 14.2644 14.273 
13.5326 13.5326 13.5326 13.5326 13.5326 13.5326 13.5326 13.5326 13.5326 13.5326 13.5326 13.5326 13.5326 13.5326 13.5326 13.5326 13.5326 13.5326 13.5326 13.5326 13.5326 13.5326 13.5326 13.5326 13.5326 13.5326 13.5326 13.5326 13.5326 13.5326 13.5326 13.5326 
13.5326 13.5326 13.5326 13.5326 13.5326 13.5326 13.5326 13.5326 13.5326 13.5326 13.5326 13.5326 13.5326 13.5326 13.5326 13.5326 13.5326 13.5326 13.5326 13.5326 13.5326 13.5326 13.5326 13.5326 13.5326 13.5326 13.5326 13.5326 13.5326 13.5326 13.5326 13.5326 
13.5326 13.5326 13.5326 13.5326 13.5326 13.5326 13.5326 13.5326 13.5326 13.5326 13.5326 13.5326 13.5326 13.5326 13.5326 13.5326 13.5326 13.5326 13.5326 13.5326 13.5326 13.5326 13.5326 13.5326 13.5326 13.5326 13.5326 13.5326 13.5326 13.5326 13.5326 13.5326 
13.5326 13.5326 13.5326 13.5326 13.5326 13.5326 13.5326 13.5326 13.5326 13.5326 13.5326 13.5326 13.5326 13.5326 13.5326 13.5326 13.5326 13.5326 13.5326 13.5326 13.5326 13.5326 13.5326 13.5326 13.5326 13.5326 13.5326 13.5326 13.5326 13.5326 13.5326 13.5326 
13.5326 13.5326 13.5326 13.5326 13.5326 13.5326 13.5326 13.5326 13.5326 13.5326 13.5326 13.5326 13.5326 13.5326 13.5326 13.5326 13.5326 13.5326 13.5326 13.5326 13.5326 13.5326 13.5326 13.5326 13.5326 13.5326 13.5326 13.5326 13.5326 13.5326 13.5326 13.5326 
13.5326 13.5326 13.5326 13.5326 13.5326 13.5326 13.5326 13.5326 13.5326 13.5326 13.5326 13.5326 13.5326 13.5326 13.5326 13.5326 13.5326 13.5326 13.5326 13.5326 13.5326 13.5326 13.5326 13.5326 13.5326 13.5326 13.5326 13.5326 13.5326 13.5326 13.5326 13.5326 
13.5326 13.5326 13.5326 13.5326 13.5326 13.5326 13.5326 13.5326 13.5326 13.5326 13.5326 13.5326 13.5326 13.5326 13.5326 13.5326 13.5326 13.5326 13.5326 13.5326 13.5326 13.5326 13.5326 13.5326 13.5326 13.5326 13.5326 13.5326 13.5326 13.5326 13.5326 13.5326 
13.5326 13.5326 13.5326 13.5326 13.5326 13.5326 13.5326 13.5326 13.5326 13.5326 13.5326 13.5326 13.5326 13.5326 13.5326 13.5326 13.5326 13.5326 13.5326 13.5326 13.5326 13.5326 13.5326 13.5326 13.5326 13.5326 13.5326 13.5326 13.5326 13.5326 13.5326 13.5326 
13.5326 13.5326 13.5326 13.5326 13.5326 13.5326 13.5326 13.5326 13.5326 13.5326 13.5326 13.5326 13.5326 13.5326 13.5326 13.5326 13.5326 13.5326 13.5326 13.5326 13.5326 13.5326 13.5326 13.5326 13.5326 13.5326 13.5326 13.5326 13.5326 13.5326 13.5326 13.5326 
13.5326 13.5326 13.5326 13.5326 13.5326 13.5326 13.5326 13.5326 13.5326 13.5326 13.5326 13.5326 13.5326 13.5326 13.5326 13.5326 13.5326 13.5326 13.5326 13.5326 13.5326 13.5326 13.5326 13.5326 13.5326 13.5326 13.5326 13.5326 13.5326 13.5326 13.5326 13.5326 
13.5326 13.5326 13.5326 13.5326 13.5326 13.5326 13.5326 13.5326 13.5326 13.5326 13.5326 13.5326 13.5326 13.5326 13.5326 13.5326 13.5326 13.5326 13.5326 13.5326 13.5326 13.5326 13.5326 13.5326 13.5326 13.5326 13.5326 13.5326 13.5326 13.5326 13.5326 13.5326 
13.5326 13.5326 13.5326 13.5326 13.5326 13.5326 13.5326 13.5326 13.5326 13.5326 13.5326 13.5326 13.5326 13.5326 13.5326 13.5326 13.5326 13.5326 13.5326 13.5326 13.5326 13.5326 13.5326 13.5326 13.5326 13.5326 13.5326 13.5326 13.5326 13.5326 13.5326 13.5326 
13.5326 13.5326 13.5326 13.5326 13.5326 13.5326 13.5326 13.5326 13.5326 13.5326 13.5326 13.5326 13.5326 13.5326 13.5326 13.5326 13.5326 13.5326 13.5326 13.5326 13.5326 13.5326 13.5326 13.5326 13.5326 13.5326 13.5326 13.5326 13.5326 13.5326 13.5326 13.5326 
13.5326 13.5326 13.5326 13.5326 13.5326 13.5326 13.5326 13.5326 13.5326 13.5326 13.5326 13.5326 13.5326 13.5326 13.5326 13.5326 13.5326 13.5326 13.5326 13.5326 13.5326 13.5326 13.5326 13.5326 13.5326 13.5326 13.5326 13.5326 13.5326 13.5326 13.5326 13.5326 
13.5326 13.5326 13.5326 13.5326 13.5326 13.5326 13.5326 13.5326 13.5326 13.5326 13.5326 13.5326 13.5326 13.5326 13.5326 13.5326 13.5326 13.5326 13.5326 13.5326 13.5326 13.5326 13.5326 13.5326 13.5326 13.5326 13.5326 13.5326 13.5326 13.5326 13.5326 13.5326 
13.5326 13.5326 13.5326 13.5326 13.5326 13.5326 13.5326 13.5326 13.5326 13.5326 13.5326 13.5326 13.5326 13.5326 13.5326 13.5326 13.5326 13.5326 13.5326 13.5326 13.5326 13.5326 13.5326 13.5326 13.5326 13.5326 13.5326 13.5326 13.5326 13.5326 13.5326 13.5326 
13.5181 13.5183 13.5151 13.5147 13.516 13.5154 13.5164 13.5148 13.5144 13.5144 13.5145 13.5148 13.5156 13.515 13.5155 13.5165 13.5176 13.5177 13.5185 13.5176 13.5178 13.5179 13.5189 13.5176 13.5185 13.5199 13.5202 13.5192 13.5216 13.5199 13.52 13.519 
13.5688 13.5708 13.5738 13.5744 13.5724 13.5708 13.57 13.5692 13.5692 13.5701 13.5701 13.5701 13.5698 13.5696 13.5689 13.5686 13.5685 13.5683 13.5677 13.5669 13.5663 13.5664 13.5663 13.5656 13.5655 13.5662 13.5661 13.5657 13.566 13.5659 13.5664 13.5677 
13.2285 13.2266 13.2231 13.2234 13.225 13.2259 13.2277 13.2272 13.2261 13.2249 13.2252 13.2255 13.2262 13.227 13.2278 13.2292 13.2296 13.2298 13.2302 13.2311 13.231 13.2302 13.2305 13.2319 13.2316 13.2321 13.2309 13.232 13.2311 13.2311 13.2287 13.2278 
13.6285 13.6252 13.6206 13.6205 13.625 13.6254 13.6268 13.6265 13.6289 13.6271 13.6258 13.6252 13.6251 13.6263 13.6287 13.6279 13.6285 13.6295 13.6306 13.6312 13.632 13.6322 13.6301 13.63 13.6309 13.6305 13.6313 13.631 13.632 13.6328 13.6315 13.6304 
12.949 12.9478 12.9431 12.9429 12.9492 12.9516 12.9536 12.9535 12.9551 12.9535 12.9527 12.9538 12.9527 12.9543 12.9564 12.9568 12.9549 12.9564 12.958 12.9593 12.9586 12.9573 12.9586 12.958 12.9574 12.9561 12.9549 12.9576 12.9572 12.9593 12.9543 12.952 
13.1806 13.1787 13.1719 13.1721 13.1815 13.1862 13.1909 13.1952 13.1964 13.1926 13.1903 13.188 13.1902 13.1909 13.1948 13.1952 13.1961 13.1957 13.1981 13.2006 13.2008 13.1975 13.1965 13.198 13.196 13.1975 13.1993 13.1968 13.199 13.1979 13.1944 13.1896 
12.4331 12.4532 12.4402 12.4486 12.4529 12.4601 12.4607 12.4573 12.4662 12.4629 12.4529 12.457 12.458 12.466 12.4658 12.4624 12.4683 12.4606 12.4713 12.4674 12.4749 12.4711 12.4725 12.4673 12.472 12.4656 12.4651 12.4717 12.4725 12.4669 12.4655 12.4543 
12.5077 12.5836 12.5398 12.6071 12.6307 12.5744 12.5862 12.6107 12.6043 12.5978 12.6018 12.5939 12.5893 12.5536 12.6083 12.5791 12.6028 12.6069 12.6146 12.6257 12.6044 12.615 12.621 12.6209 12.6076 12.6378 12.646 12.5943 12.5893 12.6076 12.563 12.5753 
11.561 11.6813 11.4358 11.3883 11.4777 11.4865 11.6484 11.4903 11.6238 11.4601 11.6483 11.4685 11.6706 11.6681 11.6319 11.6419 11.6089 11.5996 11.5857 11.5888 11.5922 11.5827 11.5898 11.5812 11.599 11.5574 11.5479 11.5997 11.6107 11.5974 11.6353 11.6266 
11.9949 12.0005 12.0118 12.0126 12.011 12.049 12.0354 12.0497 12.0465 12.0729 12.0385 12.0617 12.0373 12.0391 12.0447 12.0497 12.0556 12.0593 12.0607 12.0608 12.0621 12.0644 12.067 12.0679 12.0688 12.0708 12.0682 12.0646 12.0605 12.0575 12.0491 12.0429 
