0 0 0 0 0 0 0 0 0 0 0 0 0 0 0 0 0 0 0 0 0 0 0 0 0 0 0 0 0 0 0 0 
0 0 0 0 0 0 0 0 0 0 0 0 0 0 0 0 0 0 0 0 0 0 0 0 0 0 0 0 0 0 0 0 
0 0 0 0 0 0 0 0 0 0 0 0 0 0 0 0 0 0 0 0 0 0 0 0 0 0 0 0 0 0 0 0 
0 0 0 0 0 0 0 0 0 0 0 0 0 0 0 0 0 0 0 0 0 0 0 0 0 0 0 0 0 0 0 0 
0 0 0 0 0 0 0 0 0 0 0 0 0 0 0 0 0 0 0 0 0 0 0 0 0 0 0 0 0 0 0 0 
0 0 0 0 0 0 0 0 0 0 0 0 0 0 0 0 0 0 0 0 0 0 0 0 0 0 0 0 0 0 0 0 
0 0 0 0 0 0 0 0 0 0 0 0 0 0 0 0 0 0 0 0 0 0 0 0 0 0 0 0 0 0 0 0 
0 0 0 0 0 0 0 0 0 0 0 0 0 0 0 0 0 0 0 0 0 0 0 0 0 0 0 0 0 0 0 0 
0 0 0 0 0 0 0 0 0 0 0 0 0 0 0 0 0 0 0 0 0 0 0 0 0 0 0 0 0 0 0 0 
0 0 0 0 0 0 0 0 0 0 0 0 0 0 0 0 0 0 0 0 0 0 0 0 0 0 0 0 0 0 0 0 
0 0 0 0 0 0 0 0 0 0 0 0 0 0 0 0 0 0 0 0 0 0 0 0 0 0 0 0 0 0 0 0 
0 0 0 0 0 0 0 0 0 0 0 0 0 0 0 0 0 0 0 0 0 0 0 0 0 0 0 0 0 0 0 0 
0 0 0 0 0 0 0 0 0 0 0 0 0 0 0 0 0 0 0 0 0 0 0 0 0 0 0 0 0 0 0 0 
0 0 0 0 0 0 0 0 0 0 0 0 0 0 0 0 0 0 0 0 0 0 0 0 0 0 0 0 0 0 0 0 
0 0 0 0 0 0 0 0 0 0 0 0 0 0 0 0 0 0 0 0 0 0 0 0 0 0 0 0 0 0 0 0 
0 0 0 0 0 0 0 0 0 0 0 0 0 0 0 0 0 0 0 0 0 0 0 0 0 0 0 0 0 0 0 0 
0 0 0 0 0 0 0 0 0 0 0 0 0 0 0 0 0 0 0 0 0 0 0 0 0 0 0 0 0 0 0 0 
0 0 0 0 0 0 0 0 0 0 0 0 0 0 0 0 0 0 0 0 0 0 0 0 0 0 0 0 0 0 0 0 
0 0 0 0 0 0 0 0 0 0 0 0 0 0 0 0 0 0 0 0 0 0 0 0 0 0 0 0 0 0 0 0 
0 0 0 0 0 0 0 0 0 0 0 0 0 0 0 0 0 0 0 0 0 0 0 0 0 0 0 0 0 0 0 0 
0 0 0 0 0 0 0 0 0 0 0 0 0 0 0 0 0 0 0 0 0 0 0 0 0 0 0 0 0 0 0 0 
0 0 0 0 0 0 0 0 0 0 0 0 0 0 0 0 0 0 0 0 0 0 0 0 0 0 0 0 0 0 0 0 
0 0 0 0 0 0 0 0 0 0 0 0 0 0 0 0 0 0 0 0 0 0 0 0 0 0 0 0 0 0 0 0 
0 0 0 0 0 0 0 0 0 0 0 0 0 0 0 0 0 0 0 0 0 0 0 0 0 0 0 0 0 0 0 0 
0 0 0 0 0 0 0 0 0 0 0 0 0 0 0 0 0 0 0 0 0 0 0 0 0 0 0 0 0 0 0 0 
0 0 0 0 0 0 0 0 0 0 0 0 0 0 0 0 0 0 0 0 0 0 0 0 0 0 0 0 0 0 0 0 
0 0 0 0 0 0 0 0 0 0 0 0 0 0 0 0 0 0 0 0 0 0 0 0 0 0 0 0 0 0 0 0 
0 0 0 0 0 0 0 0 0 0 0 0 0 0 0 0 0 0 0 0 0 0 0 0 0 0 0 0 0 0 0 0 
0 0 0 0 0 0 0 0 0 0 0 0 0 0 0 0 0 0 0 0 0 0 0 0 0 0 0 0 0 0 0 0 
0 0 0 0 0 0 0 0 0 0 0 0 0 0 0 0 0 0 0 0 0 0 0 0 0 0 0 0 0 0 0 0 
0 0 0 0 0 0 0 0 0 0 0 0 0 0 0 0 0 0 0 0 0 0 0 0 0 0 0 0 0 0 0 0 
0 0 0 0 0 0 0 0 0 0 0 0 0 0 0 0 0 0 0 0 0 0 0 0 0 0 0 0 0 0 0 0 
0 0 0 0 0 0 0 0 0 0 0 0 0 0 0 0 0 0 0 0 0 0 0 0 0 0 0 0 0 0 0 0 
0 0 0 0 0 0 0 0 0 0 0 0 0 0 0 0 0 0 0 0 0 0 0 0 0 0 0 0 0 0 0 0 
0 0 0 0 0 0 0 0 0 0 0 0 0 0 0 0 0 0 0 0 0 0 0 0 0 0 0 0 0 0 0 0 
0 0 0 0 0 0 0 0 0 0 0 0 0 0 0 0 0 0 0 0 0 0 0 0 0 0 0 0 0 0 0 0 
0 0 0 0 0 0 0 0 0 0 0 0 0 0 0 0 0 0 0 0 0 0 0 0 0 0 0 0 0 0 0 0 
0 0 0 0 0 0 0 0 0 0 0 0 0 0 0 0 0 0 0 0 0 0 0 0 0 0 0 0 0 0 0 0 
0 0 0 0 0 0 0 0 0 0 0 0 0 0 0 0 0 0 0 0 0 0 0 0 0 0 0 0 0 0 0 0 
0 0 0 0 0 0 0 0 0 0 0 0 0 0 0 0 0 0 0 0 0 0 0 0 0 0 0 0 0 0 0 0 
0 0 0 0 0 0 0 0 0 0 0 0 0 0 0 0 0 0 0 0 0 0 0 0 0 0 0 0 0 0 0 0 
0 0 0 0 0 0 0 0 0 0 0 0 0 0 0 0 0 0 0 0 0 0 0 0 0 0 0 0 0 0 0 0 
0 0 0 0 0 0 0 0 0 0 0 0 0 0 0 0 0 0 0 0 0 0 0 0 0 0 0 0 0 0 0 0 
0 0 0 0 0 0 0 0 0 0 0 0 0 0 0 0 0 0 0 0 0 0 0 0 0 0 0 0 0 0 0 0 
0 0 0 0 0 0 0 0 0 0 0 0 0 0 0 0 0 0 0 0 0 0 0 0 0 0 0 0 0 0 0 0 
0 0 0 0 0 0 0 0 0 0 0 0 0 0 0 0 0 0 0 0 0 0 0 0 0 0 0 0 0 0 0 0 
0 0 0 0 0 0 0 0 0 0 0 0 0 0 0 0 0 0 0 0 0 0 0 0 0 0 0 0 0 0 0 0 
0.970161 0.970073 0.969834 0.96983 0.969992 0.969987 0.970162 0.970231 0.970255 0.970149 0.970189 0.970168 0.97023 0.97015 0.970197 0.970288 0.970338 0.970383 0.970444 0.970504 0.970584 0.970669 0.970695 0.970693 0.970623 0.970576 0.970541 0.970454 0.970361 0.970282 0.970325 0.97025 
0.98701 0.987 0.986933 0.98697 0.98703 0.987027 0.987059 0.987056 0.987048 0.987013 0.98702 0.987016 0.98702 0.986998 0.987017 0.987012 0.987022 0.987029 0.987045 0.987071 0.987099 0.987123 0.987136 0.98714 0.987126 0.987105 0.987081 0.987039 0.987032 0.987022 0.987046 0.987028 
0.998216 0.998205 0.998185 0.998184 0.998205 0.998211 0.998213 0.998216 0.998211 0.998201 0.998204 0.998208 0.998205 0.998204 0.99821 0.99821 0.998217 0.998226 0.998236 0.998249 0.998256 0.99826 0.99826 0.998261 0.998258 0.998253 0.998247 0.998245 0.998236 0.998221 0.998222 0.998214 
0.998134 0.998121 0.998105 0.998105 0.998115 0.998121 0.998131 0.998137 0.998137 0.99813 0.998134 0.998134 0.998141 0.998142 0.998145 0.998151 0.998158 0.998163 0.998168 0.998171 0.998174 0.998177 0.998177 0.998177 0.998175 0.998172 0.99817 0.998166 0.998164 0.998155 0.998151 0.998146 
1 1 1 1 1 1 1 1 1 1 1 1 1 1 1 1 1 1 1 1 1 1 1 1 1 1 1 1 1 1 1 1 
1 1 1 1 1 1 1 1 1 1 1 1 1 1 1 1 1 1 1 1 1 1 1 1 1 1 1 1 1 1 1 1 
1 1 1 1 1 1 1 1 1 1 1 1 1 1 1 1 1 1 1 1 1 1 1 1 1 1 1 1 1 1 1 1 
1 1 1 1 1 1 1 1 1 1 1 1 1 1 1 1 1 1 1 1 1 1 1 1 1 1 1 1 1 1 1 1 
1 1 1 1 1 1 1 1 1 1 1 1 1 1 1 1 1 1 1 1 1 1 1 1 1 1 1 1 1 1 1 1 
1 1 1 1 1 1 1 1 1 1 1 1 1 1 1 1 1 1 1 1 1 1 1 1 1 1 1 1 1 1 1 1 
1 1 1 1 1 1 1 1 1 1 1 1 1 1 1 1 1 1 1 1 1 1 1 1 1 1 1 1 1 1 1 1 
1 1 1 1 1 1 1 1 1 1 1 1 1 1 1 1 1 1 1 1 1 1 1 1 1 1 1 1 1 1 1 1 
1 1 1 1 1 1 1 1 1 1 1 1 1 1 1 1 1 1 1 1 1 1 1 1 1 1 1 1 1 1 1 1 
1 1 1 1 1 1 1 1 1 1 1 1 1 1 1 1 1 1 1 1 1 1 1 1 1 1 1 1 1 1 1 1 
1 1 1 1 1 1 1 1 1 1 1 1 1 1 1 1 1 1 1 1 1 1 1 1 1 1 1 1 1 1 1 1 
1 1 1 1 1 1 1 1 1 1 1 1 1 1 1 1 1 1 1 1 1 1 1 1 1 1 1 1 1 1 1 1 
1 1 1 1 1 1 1 1 1 1 1 1 1 1 1 1 1 1 1 1 1 1 1 1 1 1 1 1 1 1 1 1 
0.999976 0.999986 0.999986 0.999952 0.99995 0.999948 0.999946 0.99991 0.99988 0.999873 0.999876 0.99989 0.999928 0.999937 0.999942 0.999938 0.999957 0.999966 0.999979 1 1 1 1 1 1 1 1 1 0.999981 0.999981 0.999979 0.999976 
0.999998 0.999997 0.999995 0.999986 0.99999 0.999993 0.999992 0.999982 0.999987 0.999981 0.999979 0.999975 0.999987 0.999991 0.99999 0.999987 0.999996 0.999997 0.999999 1 1 1 1 1 1 1 1 1 0.999995 1 0.999999 0.999999 
0.999979 0.999973 0.999977 0.999929 0.999932 0.99993 0.999919 0.999869 0.999853 0.999832 0.999882 0.999879 0.999931 0.999938 0.999952 0.999947 0.999961 0.999976 0.999985 1 1 1 1 1 1 1 1 0.999997 0.999978 0.999984 0.999982 0.99998 
0.999617 0.999595 0.999569 0.999564 0.999554 0.999539 0.999535 0.99954 0.999542 0.999555 0.999569 0.999575 0.999578 0.999591 0.999595 0.999609 0.999611 0.999619 0.99963 0.999636 0.999644 0.999648 0.999654 0.999656 0.999656 0.999658 0.999659 0.99965 0.999651 0.999645 0.999638 0.999631 
0.999443 0.999408 0.999369 0.999393 0.999417 0.999435 0.999463 0.999527 0.999559 0.999562 0.999522 0.999495 0.999449 0.999441 0.999435 0.999458 0.999458 0.999461 0.999453 0.999438 0.999442 0.999447 0.999449 0.999452 0.999452 0.999451 0.999451 0.999456 0.999471 0.999467 0.999462 0.99945 
0.999544 0.999529 0.999552 0.999595 0.999604 0.999628 0.999637 0.999677 0.999699 0.999705 0.999664 0.999653 0.999609 0.999602 0.999584 0.999586 0.999569 0.999556 0.999547 0.999534 0.999538 0.99954 0.999542 0.999543 0.999542 0.999543 0.999545 0.999547 0.999564 0.999561 0.999556 0.99955 
0.999936 0.999926 0.999919 0.999923 0.999917 0.999905 0.999924 0.999934 0.999935 0.999924 0.99991 0.999931 0.999907 0.999915 0.999917 0.999914 0.999905 0.999914 0.999913 0.999911 0.999913 0.999911 0.999908 0.999913 0.99991 0.999909 0.999921 0.999912 0.999913 0.99991 0.999894 0.999908 
0.999511 0.999519 0.999527 0.999525 0.99953 0.999517 0.99951 0.999501 0.999499 0.999494 0.999508 0.999511 0.999526 0.999524 0.999526 0.99952 0.999511 0.999509 0.999507 0.999508 0.999507 0.999506 0.999502 0.999501 0.999501 0.999501 0.999501 0.999502 0.999497 0.999497 0.999501 0.999508 
0.999291 0.999264 0.999264 0.999258 0.99925 0.999264 0.999084 0.999088 0.999092 0.999073 0.999078 0.999084 0.999093 0.999107 0.999113 0.999118 0.999115 0.999082 0.999049 0.998968 0.998881 0.998766 0.99874 0.998745 0.998713 0.998717 0.998719 0.998715 0.998709 0.998695 0.998715 0.998955 
0.999278 0.999198 0.999111 0.999071 0.999112 0.999158 0.999374 0.999382 0.999366 0.999357 0.999336 0.999319 0.999327 0.999337 0.999368 0.999402 0.999444 0.999508 0.99957 0.999674 0.999777 0.999903 0.999936 0.999937 0.999973 0.99997 0.99997 0.99997 0.999969 0.999972 0.999938 0.999674 
1 1 1 1 1 1 1 1 1 1 1 1 1 1 1 1 1 1 1 1 1 1 1 1 1 1 1 1 1 1 1 1 
1 1 1 1 1 1 1 1 1 1 1 1 1 1 1 1 1 1 1 1 1 1 1 1 1 1 1 1 1 1 1 1 
1 1 1 1 1 1 1 1 1 1 1 1 1 1 1 1 1 1 1 1 1 1 1 1 1 1 1 1 1 1 1 1 
1 1 1 1 1 1 1 1 1 1 1 1 1 1 1 1 1 1 1 1 1 1 1 1 1 1 1 1 1 1 1 1 
1 1 1 1 1 1 1 1 1 1 1 1 1 1 1 1 1 1 1 1 1 1 1 1 1 1 1 1 1 1 1 1 
1 1 1 1 1 1 1 1 1 1 1 1 1 1 1 1 1 1 1 1 1 1 1 1 1 1 1 1 1 1 1 1 
1 1 1 1 1 1 1 1 1 1 1 1 1 1 1 1 1 1 1 1 1 1 1 1 1 1 1 1 1 1 1 1 
1 1 1 1 1 1 1 1 1 1 1 1 1 1 1 1 1 1 1 1 1 1 1 1 1 1 1 1 1 1 1 1 
1 1 1 1 1 1 1 1 1 1 1 1 1 1 1 1 1 1 1 1 1 1 1 1 1 1 1 1 1 1 1 1 
1 1 1 1 1 1 1 1 1 1 1 1 1 1 1 1 1 1 1 1 1 1 1 1 1 1 1 1 1 1 1 1 
1 1 1 1 1 1 1 1 1 1 1 1 1 1 1 1 1 1 1 1 1 1 1 1 1 1 1 1 1 1 1 1 
1 1 1 1 1 1 1 1 1 1 1 1 1 1 1 1 1 1 1 1 1 1 1 1 1 1 1 1 1 1 1 1 
1 1 1 1 1 1 1 1 1 1 1 1 1 1 1 1 1 1 1 1 1 1 1 1 1 1 1 1 1 1 1 1 
1 1 1 1 1 1 1 1 1 1 1 1 1 1 1 1 1 1 1 1 1 1 1 1 1 1 1 1 1 1 1 1 
1 1 1 1 1 1 1 1 1 1 1 1 1 1 1 1 1 1 1 1 1 1 1 1 1 1 1 1 1 1 1 1 
1 1 1 1 1 1 1 1 1 1 1 1 1 1 1 1 1 1 1 1 1 1 1 1 1 1 1 1 1 1 1 1 
0.999969 0.999962 0.999909 0.999896 0.99992 0.999925 0.999946 0.99995 0.999938 0.999911 0.999905 0.999892 0.999907 0.99991 0.99992 0.999926 0.999934 0.999928 0.999936 0.999941 0.999939 0.99995 0.999947 0.999957 0.999967 0.999973 0.999979 0.999979 0.99998 0.999979 0.999977 0.999977 
0.999975 0.999963 0.999934 0.999928 0.99994 0.999947 0.999961 0.999963 0.999958 0.999935 0.999927 0.999925 0.999931 0.999934 0.999938 0.999941 0.999944 0.999945 0.999952 0.999959 0.999964 0.999969 0.999972 0.999977 0.999981 0.999984 0.999986 0.999987 0.999986 0.999986 0.999984 0.999982 
0.999933 0.999913 0.999872 0.999876 0.99988 0.999864 0.999879 0.999866 0.999859 0.999825 0.999834 0.999835 0.999843 0.999865 0.999872 0.999873 0.999876 0.999883 0.999897 0.999909 0.999907 0.999901 0.999903 0.999902 0.999923 0.999937 0.999945 0.99994 0.999945 0.999942 0.999933 0.999936 
0.999788 0.999768 0.999695 0.999698 0.99974 0.999751 0.999758 0.999765 0.999776 0.999731 0.999729 0.99974 0.999714 0.999705 0.999728 0.999755 0.999782 0.999792 0.999807 0.999811 0.999803 0.999795 0.999788 0.999806 0.999803 0.999825 0.999849 0.999856 0.99985 0.999845 0.999822 0.999816 
0.9997 0.999655 0.999637 0.999643 0.99965 0.999662 0.999674 0.999658 0.999671 0.999643 0.99964 0.999653 0.999626 0.999644 0.999664 0.999682 0.999677 0.999698 0.999718 0.999709 0.999699 0.999697 0.999705 0.999703 0.999736 0.999716 0.999744 0.999761 0.999755 0.999768 0.999712 0.999706 
0.999142 0.999204 0.999241 0.99923 0.999221 0.999211 0.999224 0.99932 0.999313 0.999237 0.999215 0.999189 0.999152 0.999178 0.999263 0.999276 0.999246 0.999219 0.999226 0.999257 0.999242 0.999142 0.999109 0.999172 0.999151 0.99916 0.99922 0.999231 0.9992 0.999202 0.999181 0.999158 
0.997525 0.997402 0.997097 0.997105 0.997245 0.997303 0.997435 0.997342 0.997557 0.997566 0.997056 0.997029 0.997072 0.997322 0.997347 0.997454 0.997732 0.997498 0.997628 0.997759 0.997748 0.997418 0.997382 0.997472 0.99752 0.997235 0.99739 0.997829 0.99777 0.997481 0.997604 0.997545 
0.999818 0.999792 0.999592 0.999446 0.999754 0.99978 0.99979 0.999672 0.999936 0.999915 0.999714 0.999263 0.999727 0.999795 0.999828 0.999857 0.999909 0.999854 0.999901 0.99979 0.999933 0.999891 0.999216 0.999446 0.999728 0.999734 0.999781 0.999886 0.999874 0.999106 0.999875 0.999847 
0.997732 0.997585 0.992622 0.995037 0.994306 0.988768 0.997571 0.984453 0.997448 0.989495 0.997104 0.991924 0.997178 0.997614 0.997551 0.997573 0.997691 0.99751 0.997815 0.997838 0.997825 0.997657 0.998216 0.997873 0.997982 0.997503 0.997514 0.997981 0.997991 0.998506 0.997726 0.997727 
1 1 1 1 1 1 1 1 1 1 1 1 1 1 1 1 1 1 1 1 1 1 1 1 1 1 1 1 1 1 1 1 
